0.02	0.04
0.04	0.07
0.07	0.09
0.09	0.08
0.12	0.08
0.14	0.08
0.17	0.06
0.19	0.06
0.21	0.06
0.24	0.04
0.26	0.06
0.29	0.06
0.31	0.04
0.34	0.04
0.36	0.04
0.39	0.06
0.41	0.06
0.43	0.06
0.46	0.09
0.48	0.09
0.51	0.04
0.53	0.04
0.56	0.04
0.58	0.04
0.61	0.07
0.63	0.07
0.65	0.1
0.68	0.1
0.7	0.06
0.73	0.07
0.75	0.07
0.78	0.07
0.8	0.09
0.83	0.09
0.85	0.08
0.87	0.08
0.9	0.05
0.92	0.05
0.95	0.05
0.97	0.06
1	0.09
1.02	0.09
1.05	0.05
1.07	0.05
1.09	0.04
1.12	0.03
1.14	0.03
1.17	0.03
1.19	0.07
1.22	0.07
1.24	0.04
1.26	0.04
1.29	0.04
1.31	0.04
1.34	0.06
1.36	0.06
1.39	0.08
1.41	0.08
1.44	0.06
1.46	0.07
1.48	0.07
1.51	0.06
1.53	0.09
1.56	0.1
1.58	0.07
1.61	0.07
1.63	0.06
1.66	0.06
1.68	0.06
1.7	0.04
1.73	0.04
1.75	0.04
1.78	0.01
1.8	0.01
1.83	0.01
1.85	0.03
1.88	0.03
1.9	0.03
1.92	0.04
1.95	0.04
1.97	0.02
2	0.03
2.02	0.03
2.05	0.03
2.07	0.04
2.1	0.04
2.12	0.04
2.14	0.05
2.17	0.03
2.19	0.03
2.22	0.03
2.24	0.04
2.27	0.08
2.29	0.08
2.31	0.07
2.34	0.07
2.36	0.05
2.39	0.05
2.41	0.05
2.44	0.05
2.46	0.09
2.49	0.09
2.51	0.06
2.53	0.06
2.56	0.05
2.58	0.05
2.61	0.05
2.63	0.04
2.66	0.07
2.68	0.07
2.71	0.04
2.73	0.07
2.75	0.07
2.78	0.06
2.8	0.08
2.83	0.08
2.85	0.08
2.88	0.08
2.9	0.06
2.93	0.09
2.95	0.09
2.97	0.06
3	0.1
3.02	0.1
3.05	0.05
3.07	0.06
3.1	0.05
3.12	0.05
3.15	0.05
3.17	0.05
3.19	0.06
3.22	0.06
3.24	0.02
3.27	0.02
3.29	0.02
3.32	0.05
3.34	0.06
3.36	0.06
3.39	0.09
3.41	0.09
3.44	0.05
3.46	0.07
3.49	0.06
3.51	0.06
3.54	0.09
3.56	0.09
3.58	0.07
3.61	0.07
3.63	0.05
3.66	0.06
3.68	0.06
3.71	0.05
3.73	0.09
3.76	0.09
3.78	0.05
3.8	0.05
3.83	0.04
3.85	0.04
3.88	0.04
3.9	0.04
3.93	0.09
3.95	0.09
3.98	0.05
4	0.05
4.02	0.05
4.05	0.03
4.07	0.06
4.1	0.06
4.12	0.08
4.15	0.08
4.17	0.06
4.2	0.07
4.22	0.07
4.24	0.06
4.27	0.1
4.29	0.1
4.32	0.07
4.34	0.08
4.37	0.06
4.39	0.08
4.42	0.07
4.44	0.06
4.46	0.1
4.49	0.1
4.51	0.05
4.54	0.05
4.56	0.05
4.59	0.04
4.61	0.04
4.63	0.04
4.66	0.04
4.68	0.05
4.71	0.01
4.73	0.02
4.76	0.02
4.78	0.03
4.81	0.04
4.83	0.04
4.85	0.04
4.88	0.04
4.9	0.03
4.93	0.03
4.95	0.04
4.98	0.03
5	0.05
5.03	0.04
5.05	0.03
5.07	0.03
5.1	0.02
5.12	0.03
5.15	0.04
5.17	0.04
5.2	0.08
5.22	0.08
5.25	0.06
5.27	0.08
5.29	0.08
5.32	0.07
5.34	0.08
5.37	0.08
5.39	0.1
5.42	0.1
5.44	0.06
5.47	0.08
5.49	0.08
5.51	0.06
5.54	0.1
5.56	0.1
5.59	0.09
5.61	0.09
5.64	0.07
5.66	0.07
5.68	0.07
5.71	0.06
5.73	0.1
5.76	0.1
5.78	0.07
5.81	0.09
5.83	0.07
5.86	0.09
5.88	0.11
5.9	0.11
5.93	0.13
5.95	0.14
5.98	0.07
6	0.06
6.03	0.06
6.05	0.06
6.08	0.09
6.1	0.1
6.12	0.11
6.15	0.11
6.17	0.07
6.2	0.09
6.22	0.09
6.25	0.09
6.27	0.14
6.3	0.14
6.32	0.11
6.34	0.13
6.37	0.11
6.39	0.11
6.42	0.15
6.44	0.13
6.47	0.16
6.49	0.16
6.52	0.1
6.54	0.11
6.56	0.1
6.59	0.1
6.61	0.15
6.64	0.15
6.66	0.15
6.69	0.15
6.71	0.1
6.73	0.11
6.76	0.11
6.78	0.11
6.81	0.17
6.83	0.17
6.86	0.15
6.88	0.15
6.91	0.11
6.93	0.12
6.95	0.12
6.98	0.1
7	0.16
7.03	0.16
7.05	0.11
7.08	0.15
7.1	0.13
7.13	0.13
7.15	0.2
7.17	0.19
7.2	0.21
7.22	0.22
7.25	0.15
7.27	0.18
7.3	0.18
7.32	0.18
7.35	0.29
7.37	0.29
7.39	0.25
7.42	0.25
7.44	0.18
7.47	0.19
7.49	0.22
7.52	0.2
7.54	0.27
7.57	0.27
7.59	0.17
7.61	0.18
7.64	0.14
7.66	0.16
7.69	0.23
7.71	0.24
7.74	0.28
7.76	0.29
7.78	0.24
7.81	0.26
7.83	0.26
7.86	0.26
7.88	0.39
7.91	0.39
7.93	0.38
7.96	0.39
7.98	0.33
8	0.35
8.03	0.38
8.05	0.39
8.08	0.68
8.1	0.66
8.13	0.59
8.15	0.64
8.18	0.54
8.2	0.55
8.22	0.72
8.25	0.7
8.27	0.9
8.3	0.9
8.32	0.62
8.35	0.74
8.37	0.68
8.4	0.64
8.42	1
8.44	0.97
8.47	0.94
8.49	0.96
8.52	0.71
8.54	0.84
8.57	0.87
8.59	0.84
8.62	1.34
8.64	1.34
8.66	1.04
8.69	1.13
8.71	0.93
8.74	1
8.76	1.19
8.79	1.17
8.81	1.67
8.84	1.66
8.86	1.21
8.88	1.37
8.91	1.22
8.93	1.2
8.96	1.66
8.98	1.62
9.01	1.83
9.03	1.87
9.05	1.34
9.08	1.56
9.1	1.55
9.13	1.49
9.15	2.25
9.18	2.25
9.2	2.02
9.23	2.11
9.25	1.67
9.27	1.82
9.3	2
9.32	1.92
9.35	2.81
9.37	2.81
9.4	2.18
9.42	2.36
9.45	2.07
9.47	2.19
9.49	2.73
9.52	2.7
9.54	3.47
9.57	3.48
9.59	2.55
9.62	2.83
9.64	2.66
9.67	2.56
9.69	3.58
9.71	3.55
9.74	3.72
9.76	3.83
9.79	2.91
9.81	3.25
9.84	3.39
9.86	3.28
9.89	4.62
9.91	4.59
9.93	3.98
9.96	4.15
9.98	3.4
10.01	3.66
10.03	4.23
10.06	4.12
10.08	5.53
10.1	5.57
10.13	4.38
10.15	4.74
10.18	4.25
10.2	4.34
10.23	5.46
10.25	5.35
10.28	5.6
10.3	6.01
10.32	4.75
10.35	4.79
10.37	5.02
10.4	5.11
10.42	6.07
10.45	6.1
10.47	6.19
10.5	6.41
10.52	5.79
10.54	6.06
10.57	6.43
10.59	6.48
10.62	7.56
10.64	7.66
10.67	7.33
10.69	7.67
10.72	7.13
10.74	7.38
10.76	8.18
10.79	8.22
10.81	9.12
10.84	9.25
10.86	8.48
10.89	8.82
10.91	8.5
10.94	8.63
10.96	10.38
10.98	9.87
11.01	10.91
11.03	10.52
11.06	8.89
11.08	9.19
11.11	9.2
11.13	8.91
11.15	11.47
11.18	11.41
11.2	10.86
11.23	11.32
11.25	9.39
11.28	9.76
11.3	10.84
11.33	10.7
11.35	13.23
11.37	13.36
11.4	11.97
11.42	12.67
11.45	11.32
11.47	11.61
11.5	13.8
11.52	13.74
11.55	15.63
11.57	15.98
11.59	13.94
11.62	14.81
11.64	14.31
11.67	14.43
11.69	17.45
11.72	17.49
11.74	18.04
11.77	18.74
11.79	16.5
11.81	16.99
11.84	17.77
11.86	17.69
11.89	20.35
11.91	20.61
11.94	20.09
11.96	20.91
11.99	19.27
12.01	19.41
12.03	21.14
12.06	21.08
12.08	22.61
12.11	23.05
12.13	22.09
12.16	22.67
12.18	21.86
12.21	21.9
12.23	23.83
12.25	23.83
12.28	24.37
12.3	24.82
12.33	23.69
12.35	23.92
12.38	23.87
12.4	23.79
12.42	25.23
12.45	25.2
12.47	25.06
12.5	25.45
12.52	24.38
12.55	24.38
12.57	25.03
12.6	24.92
12.62	25.67
12.64	25.76
12.67	25.43
12.69	25.64
12.72	24.92
12.74	24.91
12.77	25.83
12.79	25.76
12.82	26.05
12.84	26.26
12.86	25.85
12.89	25.99
12.91	25.72
12.94	25.78
12.96	26.58
12.99	26.55
13.01	26.64
13.04	26.91
13.06	26.44
13.08	26.55
13.11	26.8
13.13	26.86
13.16	27.41
13.18	27.5
13.21	27.52
13.23	27.77
13.26	27.41
13.28	27.52
13.3	28.04
13.33	28.09
13.35	28.39
13.38	28.55
13.4	28.54
13.43	28.72
13.45	28.58
13.47	28.75
13.5	29.35
13.52	29.62
13.55	29.87
13.57	30.32
13.6	30.38
13.62	30.52
13.65	30.62
13.67	30.72
13.69	30.93
13.72	31.04
13.74	31.16
13.77	31.29
13.79	31.34
13.82	31.46
13.84	31.62
13.87	31.76
13.89	31.93
13.91	31.82
13.94	31.9
13.96	32
13.99	31.84
14.01	32.01
14.04	32.43
14.06	32.57
14.09	32.81
14.11	33.02
14.13	33.08
14.16	33.28
14.18	33.3
14.21	33.47
14.23	33.86
14.26	33.97
14.28	34.17
14.31	34.36
14.33	34.36
14.35	34.56
14.38	34.73
14.4	34.91
14.43	35.33
14.45	35.5
14.48	35.71
14.5	35.98
14.52	35.92
14.55	36.13
14.57	36.47
14.6	36.63
14.62	36.97
14.65	37.2
14.67	37.32
14.7	37.58
14.72	37.6
14.74	37.87
14.77	38.34
14.79	38.56
14.82	38.81
14.84	39.02
14.87	39.04
14.89	39.23
14.92	39.32
14.94	39.57
14.96	40.03
14.99	40.24
15.01	40.51
15.04	40.79
15.06	40.79
15.09	41.07
15.11	41.35
15.14	41.5
15.16	41.86
15.18	42.02
15.21	42.14
15.23	42.4
15.26	42.4
15.28	42.67
15.31	43.12
15.33	43.32
15.36	43.66
15.38	43.9
15.4	44.01
15.43	44.24
15.45	44.23
15.48	44.4
15.5	44.81
15.53	44.96
15.55	45.23
15.57	45.52
15.6	45.54
15.62	45.8
15.65	45.93
15.67	46.12
15.7	46.48
15.72	46.64
15.75	46.78
15.77	46.99
15.79	46.87
15.82	47.04
15.84	47.31
15.87	47.45
15.89	47.79
15.92	47.9
15.94	47.99
15.97	48.17
15.99	48.08
16.01	48.21
16.04	48.58
16.06	48.6
16.09	48.75
16.11	48.84
16.14	48.76
16.16	48.85
16.19	48.85
16.21	48.95
16.23	49.3
16.26	49.38
16.28	49.49
16.31	49.64
16.33	49.54
16.36	49.56
16.38	49.61
16.41	49.61
16.43	49.75
16.45	49.89
16.48	49.89
16.5	49.99
16.53	49.99
16.55	49.99
16.58	49.99
16.6	49.99
16.63	49.99
16.65	49.96
16.67	49.96
16.7	49.94
16.72	49.87
16.75	49.85
16.77	49.81
16.8	49.72
16.82	49.68
16.84	49.49
16.87	49.31
16.89	49.25
16.92	49.06
16.94	48.99
16.97	49.09
16.99	49.03
17.02	49.01
17.04	49.01
17.06	48.86
17.09	48.81
17.11	48.79
17.14	48.74
17.16	48.76
17.19	48.66
17.21	48.59
17.24	48.53
17.26	48.31
17.28	48.27
17.31	48.27
17.33	48.22
17.36	48.18
17.38	48.14
17.41	48.02
17.43	47.94
17.46	47.75
17.48	47.67
17.5	47.62
17.53	47.54
17.55	47.53
17.58	47.48
17.6	47.42
17.63	47.37
17.65	47.29
17.68	47.2
17.7	47.2
17.72	47.15
17.75	47.2
17.77	47.18
17.8	47.17
17.82	47.15
17.85	47.13
17.87	47.13
17.89	47.13
17.92	47.13
17.94	47.2
17.97	47.22
17.99	47.16
18.02	47.18
18.04	47.18
18.07	47.23
18.09	47.29
18.11	47.35
18.14	47.45
18.16	47.5
18.19	47.51
18.21	47.59
18.24	47.64
18.26	47.71
18.29	47.82
18.31	47.86
18.33	47.96
18.36	48.01
18.38	48.06
18.41	48.14
18.43	48.16
18.46	48.21
18.48	48.35
18.51	48.38
18.53	48.44
18.55	48.49
18.58	48.5
18.6	48.51
18.63	48.54
18.65	48.55
18.68	48.69
18.7	48.71
18.73	48.77
18.75	48.85
18.77	48.91
18.8	49
18.82	49.11
18.85	49.18
18.87	49.33
18.9	49.39
18.92	49.47
18.94	49.6
18.97	49.66
18.99	49.73
19.02	49.87
19.04	49.9
19.07	49.93
19.09	50
19.12	49.99
19.14	49.99
19.16	49.99
19.19	49.99
19.21	49.99
19.24	49.99
19.26	49.99
19.29	49.99
19.31	49.99
19.34	49.99
19.36	49.99
19.38	49.99
19.41	49.99
19.43	49.99
19.46	49.99
19.48	49.99
19.51	49.99
19.53	49.99
19.56	49.99
19.58	49.99
19.6	49.99
19.63	49.99
19.65	49.99
19.68	49.99
19.7	49.99
19.73	49.99
19.75	49.99
19.78	49.99
19.8	49.99
19.82	49.99
19.85	49.99
19.87	49.99
19.9	49.99
19.92	49.99
19.95	49.99
19.97	49.99
19.99	49.99
20.02	49.99
20.04	50
20.07	49.99
20.09	49.99
20.12	49.99
20.14	49.99
20.17	49.99
20.19	49.99
20.21	49.99
20.24	49.99
20.26	49.99
20.29	49.99
20.31	49.99
20.34	49.99
20.36	50
20.39	50
20.41	49.99
20.43	49.99
20.46	49.99
20.48	49.99
20.51	49.99
20.53	49.99
20.56	49.99
20.58	49.99
20.61	49.99
20.63	49.99
20.65	49.99
20.68	49.99
20.7	49.99
20.73	49.99
20.75	49.99
20.78	49.99
20.8	49.99
20.83	49.99
20.85	49.99
20.87	49.99
20.9	49.99
20.92	49.99
20.95	49.99
20.97	49.99
21	49.99
21.02	49.99
21.05	49.99
21.07	49.99
21.09	49.99
21.12	50
21.14	50
21.17	50
21.19	49.99
21.22	49.99
21.24	49.99
21.26	49.99
21.29	49.99
21.31	50
21.34	50
21.36	49.99
21.39	49.99
21.41	49.99
21.44	49.99
21.46	49.99
21.48	50
21.51	49.99
21.53	49.99
21.56	49.99
21.58	49.99
21.61	49.99
21.63	49.99
21.66	49.99
21.68	49.99
21.7	49.99
21.73	49.99
21.75	49.99
21.78	49.99
21.8	49.99
21.83	49.99
21.85	49.99
21.88	49.99
21.9	49.99
21.92	49.99
21.95	49.99
21.97	49.99
22	49.99
22.02	49.99
22.05	49.99
22.07	49.99
22.1	49.99
22.12	49.99
22.14	49.99
22.17	49.99
22.19	49.99
22.22	49.99
22.24	49.99
22.27	49.99
22.29	49.99
22.31	49.99
22.34	49.99
22.36	49.99
22.39	49.99
22.41	49.99
22.44	49.99
22.46	49.99
22.49	49.99
22.51	49.99
22.53	49.99
22.56	50
22.58	50
22.61	50
22.63	49.99
22.66	49.99
22.68	49.99
22.71	49.99
22.73	49.99
22.75	50
22.78	50
22.8	49.99
22.83	49.99
22.85	49.99
22.88	49.99
22.9	49.99
22.93	50
22.95	49.99
22.97	49.99
23	49.99
23.02	49.99
23.05	49.99
23.07	49.99
23.1	49.99
23.12	49.99
23.15	49.99
23.17	49.99
23.19	49.99
23.22	49.99
23.24	49.99
23.27	49.99
23.29	49.99
23.32	49.99
23.34	49.99
23.36	49.99
23.39	49.99
23.41	49.99
23.44	49.99
23.46	49.99
23.49	49.99
23.51	49.99
23.54	49.99
23.56	49.99
23.58	49.99
23.61	49.99
23.63	49.99
23.66	49.99
23.68	49.99
23.71	50
23.73	49.99
23.76	49.99
23.78	49.99
23.8	49.99
23.83	49.99
23.85	49.99
23.88	49.99
23.9	49.99
23.93	49.99
23.95	49.99
23.98	49.99
24	49.99
24.02	50
24.05	50
24.07	49.99
24.1	49.99
24.12	49.99
24.15	49.99
24.17	49.99
24.2	50
24.22	50
24.24	49.99
24.27	49.99
24.29	49.99
24.32	49.99
24.34	49.99
24.37	49.99
24.39	49.99
24.42	49.99
24.44	49.99
24.46	49.99
24.49	49.99
24.51	49.99
24.54	49.99
24.56	49.99
24.59	49.99
24.61	49.99
24.63	49.99
24.66	49.99
24.68	49.99
24.71	49.99
24.73	49.99
24.76	49.99
24.78	49.99
24.81	49.99
24.83	49.99
24.85	49.99
24.88	49.99
24.9	49.99
24.93	49.99
24.95	49.99
24.98	49.99
25	49.99
25.03	49.99
25.05	49.99
25.07	49.99
25.1	49.99
25.12	49.99
25.15	50
25.17	49.99
25.2	49.99
25.22	49.99
25.25	49.99
25.27	49.99
25.29	49.99
25.32	49.99
25.34	49.99
25.37	49.99
25.39	49.99
25.42	49.99
25.44	49.99
25.47	50
25.49	50
25.51	49.99
25.54	49.99
25.56	49.99
25.59	49.99
25.61	49.99
25.64	49.99
25.66	49.99
25.68	49.99
25.71	49.99
25.73	49.99
25.76	49.99
25.78	49.99
25.81	49.99
25.83	49.99
25.86	49.99
25.88	49.99
25.9	49.99
25.93	49.99
25.95	50
25.98	50
26	49.99
26.03	49.99
26.05	49.99
26.08	49.99
26.1	50
26.12	50
26.15	50
26.17	49.99
26.2	49.99
26.22	49.99
26.25	49.99
26.27	49.99
26.3	49.99
26.32	49.99
26.34	49.99
26.37	49.99
26.39	49.99
26.42	49.99
26.44	49.99
26.47	49.99
26.49	49.99
26.52	49.99
26.54	49.99
26.56	49.99
26.59	49.99
26.61	49.99
26.64	49.99
26.66	49.99
26.69	49.99
26.71	49.99
26.73	49.99
26.76	49.99
26.78	49.99
26.81	49.99
26.83	49.99
26.86	49.99
26.88	49.99
26.91	49.99
26.93	49.99
26.95	49.99
26.98	49.99
27	49.99
27.03	49.99
27.05	49.99
27.08	49.99
27.1	49.99
27.13	49.99
27.15	49.99
27.17	49.99
27.2	50
27.22	50
27.25	49.99
27.27	49.99
27.3	49.99
27.32	49.99
27.35	49.99
27.37	49.99
27.39	50
27.42	50
27.44	49.99
27.47	49.99
27.49	49.99
27.52	49.99
27.54	50
27.57	50
27.59	50
27.61	49.99
27.64	49.99
27.66	49.99
27.69	49.99
27.71	49.99
27.74	49.99
27.76	49.99
27.78	49.99
27.81	49.99
27.83	49.99
27.86	49.99
27.88	49.99
27.91	49.99
27.93	49.99
27.96	49.99
27.98	49.99
28	49.99
28.03	49.99
28.05	49.99
28.08	49.99
28.1	49.99
28.13	49.99
28.15	49.99
28.18	49.99
28.2	49.99
28.22	49.99
28.25	49.99
28.27	49.99
28.3	49.99
28.32	49.99
28.35	49.99
28.37	49.99
28.4	49.99
28.42	49.99
28.44	49.99
28.47	49.99
28.49	49.99
28.52	49.99
28.54	49.99
28.57	49.99
28.59	49.99
28.62	49.99
28.64	49.99
28.66	49.99
28.69	49.99
28.71	49.99
28.74	49.99
28.76	49.99
28.79	49.99
28.81	50
28.84	50
28.86	50
28.88	49.99
28.91	49.99
28.93	49.99
28.96	49.99
28.98	50
29.01	50
29.03	50
29.05	49.99
29.08	49.99
29.1	49.99
29.13	49.99
29.15	49.99
29.18	49.99
29.2	49.99
29.23	49.99
29.25	49.99
29.27	49.99
29.3	49.99
29.32	49.99
29.35	49.99
29.37	49.99
29.4	49.99
29.42	49.99
29.45	49.99
29.47	49.99
29.49	49.99
29.52	49.99
29.54	49.99
29.57	49.99
29.59	49.99
29.62	49.99
29.64	49.99
29.67	49.99
29.69	49.99
29.71	49.99
29.74	49.99
29.76	49.99
29.79	49.99
29.81	49.99
29.84	49.99
29.86	49.99
29.89	49.99
29.91	49.99
29.93	49.99
29.96	49.99
29.98	49.99
30.01	49.99
30.03	49.99
30.06	49.99
30.08	49.99
30.1	49.99
30.13	49.99
30.15	49.99
30.18	49.99
30.2	49.99
30.23	49.99
30.25	50
30.28	50
30.3	50
30.32	49.99
30.35	49.99
30.37	49.99
30.4	49.99
30.42	50
30.45	50
30.47	49.99
30.5	49.99
30.52	49.99
30.54	49.99
30.57	49.99
30.59	49.99
30.62	49.99
30.64	49.99
30.67	49.99
30.69	49.99
30.72	49.99
30.74	49.99
30.76	49.99
30.79	49.99
30.81	49.99
30.84	49.99
30.86	49.99
30.89	49.99
30.91	49.99
30.94	49.99
30.96	49.99
30.98	49.99
31.01	49.99
31.03	49.99
31.06	49.99
31.08	49.99
31.11	49.99
31.13	49.99
31.15	49.99
31.18	49.99
31.2	49.99
31.23	49.99
31.25	49.99
31.28	49.99
31.3	49.99
31.33	49.99
31.35	49.99
31.37	49.99
31.4	50
31.42	49.99
31.45	49.99
31.47	49.99
31.5	49.99
31.52	49.99
31.55	49.99
31.57	49.99
31.59	49.99
31.62	49.99
31.64	49.99
31.67	49.99
31.69	49.99
31.72	50
31.74	50
31.77	49.99
31.79	49.99
31.81	49.99
31.84	49.99
31.86	50
31.89	50
31.91	49.99
31.94	49.99
31.96	49.99
31.99	49.99
32.01	49.99
32.03	49.99
32.06	49.99
32.08	49.99
32.11	49.99
32.13	49.99
32.16	49.99
32.18	49.99
32.2	49.99
32.23	49.99
32.25	49.99
32.28	49.99
32.3	49.99
32.33	49.99
32.35	49.99
32.38	49.99
32.4	49.99
32.42	49.99
32.45	49.99
32.47	49.99
32.5	49.99
32.52	49.99
32.55	49.99
32.57	49.99
32.6	49.99
32.62	49.99
32.64	49.99
32.67	49.99
32.69	49.99
32.72	49.99