0.02	0.08
0.04	0.08
0.07	0.12
0.09	0.12
0.12	0.08
0.14	0.09
0.17	0.09
0.19	0.08
0.21	0.13
0.24	0.13
0.26	0.12
0.29	0.11
0.31	0.08
0.34	0.08
0.36	0.08
0.39	0.05
0.41	0.09
0.43	0.09
0.46	0.05
0.48	0.05
0.51	0.05
0.53	0.06
0.56	0.06
0.58	0.07
0.61	0.11
0.63	0.11
0.65	0.06
0.68	0.08
0.70	0.08
0.73	0.08
0.75	0.12
0.78	0.12
0.80	0.13
0.83	0.13
0.85	0.08
0.87	0.07
0.90	0.07
0.92	0.06
0.95	0.10
0.97	0.10
1.00	0.09
1.02	0.09
1.05	0.06
1.07	0.04
1.09	0.04
1.12	0.04
1.14	0.06
1.17	0.06
1.19	0.05
1.22	0.05
1.24	0.04
1.26	0.03
1.29	0.05
1.31	0.05
1.34	0.07
1.36	0.07
1.39	0.06
1.41	0.05
1.44	0.05
1.46	0.05
1.48	0.07
1.51	0.07
1.53	0.07
1.56	0.07
1.58	0.05
1.61	0.05
1.63	0.05
1.66	0.05
1.68	0.07
1.70	0.07
1.73	0.06
1.75	0.06
1.78	0.04
1.80	0.04
1.83	0.04
1.85	0.03
1.88	0.05
1.90	0.05
1.92	0.03
1.95	0.04
1.97	0.04
2.00	0.03
2.02	0.04
2.05	0.04
2.07	0.08
2.10	0.08
2.12	0.06
2.14	0.08
2.17	0.08
2.19	0.08
2.22	0.12
2.24	0.11
2.27	0.11
2.29	0.11
2.31	0.07
2.34	0.08
2.36	0.08
2.39	0.07
2.41	0.10
2.44	0.10
2.46	0.08
2.49	0.08
2.51	0.05
2.53	0.06
2.56	0.06
2.58	0.06
2.61	0.10
2.63	0.10
2.66	0.06
2.68	0.07
2.71	0.06
2.73	0.07
2.75	0.11
2.78	0.11
2.80	0.13
2.83	0.13
2.85	0.09
2.88	0.08
2.90	0.08
2.93	0.09
2.95	0.12
2.97	0.12
3.00	0.11
3.02	0.11
3.05	0.07
3.07	0.08
3.10	0.08
3.12	0.07
3.15	0.12
3.17	0.12
3.19	0.08
3.22	0.09
3.24	0.08
3.27	0.07
3.29	0.09
3.32	0.08
3.34	0.11
3.36	0.11
3.39	0.07
3.41	0.09
3.44	0.09
3.46	0.09
3.49	0.14
3.51	0.14
3.54	0.14
3.56	0.14
3.58	0.09
3.61	0.09
3.63	0.09
3.66	0.08
3.68	0.13
3.71	0.13
3.73	0.12
3.76	0.12
3.78	0.10
3.80	0.05
3.83	0.06
3.85	0.04
3.88	0.05
3.90	0.05
3.93	0.04
3.95	0.05
3.98	0.04
4.00	0.05
4.02	0.07
4.05	0.07
4.07	0.07
4.10	0.08
4.12	0.06
4.15	0.07
4.17	0.07
4.20	0.08
4.22	0.14
4.24	0.14
4.27	0.11
4.29	0.11
4.32	0.20
4.34	0.21
4.37	0.22
4.39	0.21
4.42	0.21
4.44	0.09
4.46	0.04
4.49	0.06
4.51	0.06
4.54	0.12
4.56	0.16
4.59	0.16
4.61	0.17
4.63	0.18
4.66	0.14
4.68	0.15
4.71	0.17
4.73	0.16
4.76	0.23
4.78	0.22
4.81	0.20
4.83	0.20
4.85	0.15
4.88	0.17
4.90	0.22
4.93	0.21
4.95	0.31
4.98	0.31
5.00	0.25
5.03	0.29
5.05	0.24
5.07	0.23
5.10	0.33
5.12	0.32
5.15	0.34
5.17	0.34
5.20	0.26
5.22	0.29
5.25	0.27
5.27	0.24
5.29	0.38
5.32	0.35
5.34	0.30
5.37	0.32
5.39	0.25
5.42	0.28
5.44	0.30
5.47	0.30
5.49	0.47
5.51	0.47
5.54	0.35
5.56	0.40
5.59	0.33
5.61	0.32
5.64	0.43
5.66	0.42
5.68	0.52
5.71	0.52
5.73	0.38
5.76	0.44
5.78	0.40
5.81	0.37
5.83	0.54
5.86	0.53
5.88	0.49
5.90	0.50
5.93	0.36
5.95	0.41
5.98	0.40
6.00	0.37
6.03	0.59
6.05	0.58
6.08	0.46
6.10	0.48
6.12	0.38
6.15	0.37
6.17	0.42
6.20	0.39
6.22	0.56
6.25	0.55
6.27	0.39
6.30	0.43
6.32	0.37
6.34	0.33
6.37	0.43
6.39	0.41
6.42	0.47
6.44	0.47
6.47	0.32
6.49	0.35
6.52	0.31
6.54	0.29
6.56	0.42
6.59	0.41
6.61	0.40
6.64	0.40
6.66	0.27
6.69	0.27
6.71	0.28
6.73	0.24
6.76	0.31
6.78	0.32
6.81	0.23
6.83	0.24
6.86	0.18
6.88	0.19
6.91	0.21
6.93	0.21
6.95	0.26
6.98	0.26
7.00	0.23
7.03	0.25
7.05	0.21
7.08	0.21
7.10	0.25
7.13	0.24
7.15	0.26
7.17	0.25
7.20	0.22
7.22	0.22
7.25	0.20
7.27	0.20
7.30	0.24
7.32	0.24
7.35	0.26
7.37	0.27
7.39	0.23
7.42	0.26
7.44	0.26
7.47	0.26
7.49	0.31
7.52	0.32
7.54	0.32
7.57	0.32
7.59	0.29
7.61	0.30
7.64	0.31
7.66	0.30
7.69	0.36
7.71	0.36
7.74	0.34
7.76	0.35
7.78	0.31
7.81	0.32
7.83	0.38
7.86	0.38
7.88	0.45
7.91	0.44
7.93	0.38
7.96	0.40
7.98	0.36
8.00	0.37
8.03	0.49
8.05	0.48
8.08	0.48
8.10	0.50
8.13	0.38
8.15	0.40
8.18	0.42
8.20	0.42
8.22	0.53
8.25	0.53
8.27	0.47
8.30	0.52
8.32	0.41
8.35	0.43
8.37	0.53
8.40	0.54
8.42	0.64
8.44	0.67
8.47	0.58
8.49	0.65
8.52	0.60
8.54	0.59
8.57	0.75
8.59	0.73
8.62	0.76
8.64	0.78
8.66	0.65
8.69	0.68
8.71	0.69
8.74	0.68
8.76	0.83
8.79	0.84
8.81	0.80
8.84	0.85
8.86	0.74
8.88	0.80
8.91	0.89
8.93	0.88
8.96	1.04
8.98	1.04
9.01	0.93
9.03	0.99
9.05	0.89
9.08	0.91
9.10	1.07
9.13	1.06
9.15	1.16
9.18	1.18
9.20	1.01
9.23	1.07
9.25	1.05
9.27	1.05
9.30	1.27
9.32	1.25
9.35	1.26
9.37	1.32
9.40	1.14
9.42	1.19
9.45	1.29
9.47	1.30
9.49	1.52
9.52	1.54
9.54	1.46
9.57	1.51
9.59	1.34
9.62	1.35
9.64	1.53
9.67	1.51
9.69	1.71
9.71	1.72
9.74	1.56
9.76	1.64
9.79	1.55
9.81	1.57
9.84	1.80
9.86	1.85
9.89	1.88
9.91	1.99
9.93	1.83
9.96	1.90
9.98	1.93
10.01	1.95
10.03	2.13
10.06	2.16
10.08	2.17
10.10	2.22
10.13	2.14
10.15	2.19
10.18	2.28
10.20	2.28
10.23	2.46
10.25	2.49
10.28	2.44
10.30	2.52
10.32	2.46
10.35	2.52
10.37	2.68
10.40	2.71
10.42	2.84
10.45	2.92
10.47	2.82
10.50	2.88
10.52	2.88
10.54	2.90
10.57	3.07
10.59	3.06
10.62	3.12
10.64	3.17
10.67	3.04
10.69	3.10
10.72	3.18
10.74	3.19
10.76	3.37
10.79	3.40
10.81	3.34
10.84	3.33
10.86	3.03
10.89	3.10
10.91	3.14
10.94	3.08
10.96	3.30
10.98	3.27
11.01	3.00
11.03	3.03
11.06	2.77
11.08	2.73
11.11	3.03
11.13	2.94
11.15	3.04
11.18	3.07
11.20	2.72
11.23	2.73
11.25	2.65
11.28	2.59
11.30	2.88
11.33	2.84
11.35	2.79
11.37	2.81
11.40	2.49
11.42	2.49
11.45	2.54
11.47	2.48
11.50	2.71
11.52	2.68
11.55	2.52
11.57	2.52
11.59	2.25
11.62	2.19
11.64	2.31
11.67	2.22
11.69	2.35
11.72	2.31
11.74	2.10
11.77	2.08
11.79	1.90
11.81	1.84
11.84	1.97
11.86	1.88
11.89	1.90
11.91	1.88
11.94	1.65
11.96	1.60
11.99	1.53
12.01	1.47
12.03	1.58
12.06	1.52
12.08	1.51
12.11	1.50
12.13	1.32
12.16	1.31
12.18	1.32
12.21	1.27
12.23	1.37
12.25	1.35
12.28	1.30
12.30	1.31
12.33	1.19
12.35	1.17
12.38	1.21
12.40	1.19
12.42	1.28
12.45	1.25
12.47	1.21
12.50	1.21
12.52	1.12
12.55	1.09
12.57	1.17
12.60	1.14
12.62	1.20
12.64	1.21
12.67	1.12
12.69	1.15
12.72	1.11
12.74	1.13
12.77	1.24
12.79	1.24
12.82	1.29
12.84	1.32
12.86	1.25
12.89	1.26
12.91	1.31
12.94	1.29
12.96	1.40
12.99	1.41
13.01	1.42
13.04	1.43
13.06	1.39
13.08	1.40
13.11	1.45
13.13	1.45
13.16	1.54
13.18	1.57
13.21	1.57
13.23	1.61
13.26	1.60
13.28	1.63
13.30	1.70
13.33	1.71
13.35	1.78
13.38	1.81
13.40	1.79
13.43	1.83
13.45	1.86
13.47	1.88
13.50	1.97
13.52	1.97
13.55	2.01
13.57	2.02
13.60	1.98
13.62	2.03
13.65	2.09
13.67	2.11
13.69	2.22
13.72	2.21
13.74	2.22
13.77	2.25
13.79	2.15
13.82	2.22
13.84	2.32
13.87	2.31
13.89	2.44
13.91	2.46
13.94	2.37
13.96	2.41
13.99	2.37
14.01	2.39
14.04	2.57
14.06	2.57
14.09	2.65
14.11	2.70
14.13	2.59
14.16	2.65
14.18	2.69
14.21	2.72
14.23	2.90
14.26	2.91
14.28	2.93
14.31	2.99
14.33	2.87
14.35	2.92
14.38	3.03
14.40	3.05
14.43	3.23
14.45	3.27
14.48	3.23
14.50	3.30
14.52	3.18
14.55	3.21
14.57	3.38
14.60	3.37
14.62	3.53
14.65	3.59
14.67	3.48
14.70	3.57
14.72	3.56
14.74	3.60
14.77	3.83
14.79	3.86
14.82	3.92
14.84	3.98
14.87	3.82
14.89	3.89
14.92	3.97
14.94	4.00
14.96	4.22
14.99	4.26
15.01	4.23
15.04	4.32
15.06	4.17
15.09	4.24
15.11	4.42
15.14	4.44
15.16	4.63
15.18	4.67
15.21	4.57
15.23	4.65
15.26	4.58
15.28	4.64
15.31	4.89
15.33	4.91
15.36	5.04
15.38	5.10
15.40	4.93
15.43	5.00
15.45	5.00
15.48	5.02
15.50	5.25
15.53	5.26
15.55	5.28
15.57	5.36
15.60	5.17
15.62	5.24
15.65	5.35
15.67	5.36
15.70	5.56
15.72	5.58
15.75	5.49
15.77	5.54
15.79	5.44
15.82	5.40
15.84	5.55
15.87	5.50
15.89	5.57
15.92	5.57
15.94	5.49
15.97	5.50
15.99	5.47
16.01	5.46
16.04	5.54
16.06	5.51
16.09	5.53
16.11	5.53
16.14	5.42
16.16	5.43
16.19	5.41
16.21	5.38
16.23	5.46
16.26	5.44
16.28	5.41
16.31	5.39
16.33	5.29
16.36	5.26
16.38	5.25
16.41	5.20
16.43	5.23
16.45	5.18
16.48	5.10
16.50	5.05
16.53	4.91
16.55	4.85
16.58	4.83
16.60	4.74
16.63	4.71
16.65	4.60
16.67	4.45
16.70	4.38
16.72	4.21
16.75	4.15
16.77	4.19
16.80	4.07
16.82	4.04
16.84	3.96
16.87	3.74
16.89	3.66
16.92	3.56
16.94	3.47
16.97	3.52
16.99	3.46
17.02	3.42
17.04	3.39
17.06	3.24
17.09	3.20
17.11	3.15
17.14	3.10
17.16	3.13
17.19	3.07
17.21	3.01
17.24	2.99
17.26	2.84
17.28	2.81
17.31	2.81
17.33	2.75
17.36	2.77
17.38	2.72
17.41	2.63
17.43	2.59
17.46	2.47
17.48	2.44
17.50	2.48
17.53	2.45
17.55	2.49
17.58	2.49
17.60	2.40
17.63	2.43
17.65	2.38
17.68	2.37
17.70	2.45
17.72	2.44
17.75	2.47
17.77	2.47
17.80	2.39
17.82	2.38
17.85	2.37
17.87	2.35
17.89	2.43
17.92	2.42
17.94	2.42
17.97	2.43
17.99	2.36
18.02	2.39
18.04	2.43
18.07	2.44
18.09	2.55
18.11	2.56
18.14	2.52
18.16	2.58
18.19	2.53
18.21	2.56
18.24	2.66
18.26	2.66
18.29	2.74
18.31	2.76
18.33	2.68
18.36	2.72
18.38	2.72
18.41	2.74
18.43	2.86
18.46	2.87
18.48	2.92
18.51	2.97
18.53	2.90
18.55	2.94
18.58	2.99
18.60	3.02
18.63	3.14
18.65	3.17
18.68	3.18
18.70	3.24
18.73	3.18
18.75	3.23
18.77	3.32
18.80	3.34
18.82	3.43
18.85	3.46
18.87	3.39
18.90	3.44
18.92	3.42
18.94	3.46
18.97	3.61
18.99	3.64
19.02	3.72
19.04	3.78
19.07	3.70
19.09	3.76
19.12	3.81
19.14	3.83
19.16	3.98
19.19	4.03
19.21	4.05
19.24	4.09
19.26	4.04
19.29	4.10
19.31	4.17
19.34	4.20
19.36	4.35
19.38	4.38
19.41	4.36
19.43	4.44
19.46	4.40
19.48	4.45
19.51	4.61
19.53	4.62
19.56	4.73
19.58	4.80
19.60	4.73
19.63	4.82
19.65	4.84
19.68	4.90
19.70	5.10
19.73	5.14
19.75	5.21
19.78	5.27
19.80	5.17
19.82	5.21
19.85	5.30
19.87	5.31
19.90	5.49
19.92	5.55
19.95	5.57
19.97	5.64
19.99	5.57
20.02	5.65
20.04	5.79
20.07	5.81
20.09	5.97
20.12	6.01
20.14	5.94
20.17	6.03
20.19	6.01
20.21	6.07
20.24	6.29
20.26	6.33
20.29	6.42
20.31	6.48
20.34	6.38
20.36	6.45
20.39	6.47
20.41	6.50
20.43	6.71
20.46	6.73
20.48	6.74
20.51	6.80
20.53	6.68
20.56	6.74
20.58	6.84
20.61	6.85
20.63	7.03
20.65	7.05
20.68	6.99
20.70	7.04
20.73	6.94
20.75	6.97
20.78	7.10
20.80	7.07
20.83	7.20
20.85	7.20
20.87	7.05
20.90	7.09
20.92	7.06
20.95	7.05
20.97	7.23
21.00	7.22
21.02	7.24
21.05	7.26
21.07	7.09
21.09	7.10
21.12	7.10
21.14	7.08
21.17	7.22
21.19	7.19
21.22	7.15
21.24	7.15
21.26	6.97
21.29	6.92
21.31	6.97
21.34	6.89
21.36	6.92
21.39	6.93
21.41	6.82
21.44	6.80
21.46	6.69
21.48	6.64
21.51	6.63
21.53	6.55
21.56	6.52
21.58	6.45
21.61	6.32
21.63	6.27
21.66	6.18
21.68	6.11
21.70	6.14
21.73	6.08
21.75	6.03
21.78	5.96
21.80	5.84
21.83	5.76
21.85	5.69
21.88	5.61
21.90	5.61
21.92	5.56
21.95	5.50
21.97	5.48
22.00	5.37
22.02	5.32
22.05	5.27
22.07	5.18
22.10	5.14
22.12	5.05
22.14	4.95
22.17	4.87
22.19	4.77
22.22	4.69
22.24	4.67
22.27	4.59
22.29	4.56
22.31	4.49
22.34	4.40
22.36	4.36
22.39	4.29
22.41	4.25
22.44	4.24
22.46	4.21
22.49	4.22
22.51	4.16
22.53	4.07
22.56	4.06
22.58	4.00
22.61	3.94
22.63	4.00
22.66	3.97
22.68	3.95
22.71	3.92
22.73	3.82
22.75	3.80
22.78	3.78
22.80	3.74
22.83	3.80
22.85	3.77
22.88	3.74
22.90	3.76
22.93	3.68
22.95	3.69
22.97	3.75
23.00	3.75
23.02	3.80
23.05	3.82
23.07	3.77
23.10	3.79
23.12	3.75
23.15	3.77
23.17	3.86
23.19	3.85
23.22	3.90
23.24	3.92
23.27	3.85
23.29	3.87
23.32	3.88
23.34	3.88
23.36	3.99
23.39	4.00
23.41	4.03
23.44	4.08
23.46	4.01
23.49	4.04
23.51	4.08
23.54	4.09
23.56	4.19
23.58	4.21
23.61	4.20
23.63	4.25
23.66	4.22
23.68	4.24
23.71	4.35
23.73	4.36
23.76	4.45
23.78	4.48
23.80	4.41
23.83	4.46
23.85	4.47
23.88	4.52
23.90	4.65
23.93	4.70
23.95	4.76
23.98	4.82
24.00	4.77
24.02	4.81
24.05	4.88
24.07	4.91
24.10	5.04
24.12	5.06
24.15	5.07
24.17	5.12
24.20	5.06
24.22	5.13
24.24	5.23
24.27	5.26
24.29	5.39
24.32	5.45
24.34	5.42
24.37	5.50
24.39	5.49
24.42	5.54
24.44	5.69
24.46	5.72
24.49	5.78
24.51	5.90
24.54	5.89
24.56	5.95
24.59	6.04
24.61	6.11
24.63	6.20
24.66	6.25
24.68	6.32
24.71	6.37
24.73	6.37
24.76	6.45
24.78	6.51
24.81	6.57
24.83	6.69
24.85	6.76
24.88	6.80
24.90	6.91
24.93	6.93
24.95	7.00
24.98	7.12
25.00	7.20
25.03	7.28
25.05	7.35
25.07	7.37
25.10	7.43
25.12	7.45
25.15	7.51
25.17	7.64
25.20	7.69
25.22	7.77
25.25	7.84
25.27	7.83
25.29	7.90
25.32	7.95
25.34	7.99
25.37	8.10
25.39	8.16
25.42	8.18
25.44	8.23
25.47	8.18
25.49	8.27
25.51	8.36
25.54	8.38
25.56	8.53
25.59	8.56
25.61	8.49
25.64	8.54
25.66	8.48
25.68	8.50
25.71	8.65
25.73	8.67
25.76	8.74
25.78	8.79
25.81	8.68
25.83	8.74
25.86	8.75
25.88	8.77
25.90	8.94
25.93	8.96
25.95	8.96
25.98	9.00
26.00	8.88
26.03	8.88
26.05	8.93
26.08	8.91
26.10	9.01
26.12	8.99
26.15	8.92
26.17	8.93
26.20	8.81
26.22	8.80
26.25	8.87
26.27	8.83
26.30	8.90
26.32	8.88
26.34	8.73
26.37	8.73
26.39	8.64
26.42	8.58
26.44	8.68
26.47	8.64
26.49	8.64
26.52	8.61
26.54	8.44
26.56	8.40
26.59	8.34
26.61	8.28
26.64	8.35
26.66	8.30
26.69	8.24
26.71	8.21
26.73	8.09
26.76	8.05
26.78	8.03
26.81	7.96
26.83	7.99
26.86	7.88
26.88	7.76
26.91	7.72
26.93	7.57
26.95	7.54
26.98	7.55
27.00	7.45
27.03	7.45
27.05	7.38
27.08	7.20
27.10	7.13
27.13	7.02
27.15	6.94
27.17	6.97
27.20	6.90
27.22	6.90
27.25	6.87
27.27	6.73
27.30	6.70
27.32	6.64
27.35	6.57
27.37	6.60
27.39	6.55
27.42	6.49
27.44	6.47
27.47	6.34
27.49	6.31
27.52	6.29
27.54	6.24
27.57	6.27
27.59	6.20
27.61	6.11
27.64	6.07
27.66	5.93
27.69	5.90
27.71	5.94
27.74	5.89
27.76	5.91
27.78	5.93
27.81	5.85
27.83	5.84
27.86	5.80
27.88	5.77
27.91	5.79
27.93	5.78
27.96	5.79
27.98	5.78
28.00	5.74
28.03	5.74
28.05	5.71
28.08	5.68
28.10	5.71
28.13	5.69
28.15	5.68
28.18	5.68
28.20	5.65
28.22	5.65
28.25	5.66
28.27	5.66
28.30	5.71
28.32	5.68
28.35	5.67
28.37	5.69
28.40	5.63
28.42	5.67
28.44	5.75
28.47	5.74
28.49	5.83
28.52	5.86
28.54	5.81
28.57	5.84
28.59	5.82
28.62	5.83
28.64	5.93
28.66	5.94
28.69	6.00
28.71	6.04
28.74	5.98
28.76	6.02
28.79	6.03
28.81	6.06
28.84	6.17
28.86	6.19
28.88	6.22
28.91	6.27
28.93	6.21
28.96	6.26
28.98	6.32
29.01	6.34
29.03	6.47
29.05	6.47
29.08	6.46
29.10	6.51
29.13	6.47
29.15	6.51
29.18	6.64
29.20	6.68
29.23	6.78
29.25	6.84
29.27	6.82
29.30	6.89
29.32	6.91
29.35	6.96
29.37	7.09
29.40	7.12
29.42	7.18
29.45	7.23
29.47	7.21
29.49	7.27
29.52	7.32
29.54	7.37
29.57	7.50
29.59	7.54
29.62	7.58
29.64	7.67
29.67	7.65
29.69	7.72
29.71	7.83
29.74	7.88
29.76	8.02
29.79	8.08
29.81	8.08
29.84	8.15
29.86	8.17
29.89	8.23
29.91	8.38
29.93	8.43
29.96	8.55
29.98	8.60
30.01	8.56
30.03	8.61
30.06	8.65
30.08	8.68
30.10	8.82
30.13	8.90
30.15	8.98
30.18	9.07
30.20	9.06
30.23	9.16
30.25	9.24
30.28	9.29
30.30	9.43
30.32	9.47
30.35	9.48
30.37	9.56
30.40	9.54
30.42	9.61
30.45	9.75
30.47	9.78
30.50	9.90
30.52	9.95
30.54	9.92
30.57	9.98
30.59	9.98
30.62	10.03
30.64	10.17
30.67	10.18
30.69	10.26
30.72	10.32
30.74	10.27
30.76	10.34
30.79	10.40
30.81	10.43
30.84	10.56
30.86	10.60
30.89	10.60
30.91	10.64
30.94	10.57
30.96	10.57
30.98	10.63
31.01	10.63
31.03	10.71
31.06	10.74
31.08	10.72
31.11	10.75
31.13	10.73
31.15	10.75
31.18	10.80
31.20	10.81
31.23	10.84
31.25	10.82
31.28	10.75
31.30	10.80
31.33	10.75
31.35	10.76
31.37	10.85
31.40	10.83
31.42	10.83
31.45	10.83
31.47	10.72
31.50	10.71
31.52	10.72
31.55	10.67
31.57	10.75
31.59	10.71
31.62	10.65
31.64	10.64
31.67	10.50
31.69	10.49
31.72	10.51
31.74	10.45
31.77	10.50
31.79	10.46
31.81	10.34
31.84	10.32
31.86	10.21
31.89	10.16
31.91	10.22
31.94	10.16
31.96	10.16
31.99	10.13
32.01	9.97
32.03	9.94
32.06	9.86
32.08	9.81
32.11	9.88
32.13	9.85
32.16	9.80
32.18	9.80
32.20	9.66
32.23	9.62
32.25	9.60
32.28	9.56
32.30	9.61
32.33	9.55
32.35	9.46
32.38	9.43
32.40	9.27
32.42	9.22
32.45	9.25
32.47	9.19
32.50	9.22
32.52	9.20
32.55	9.07
32.57	9.03
32.60	8.94
32.62	8.90
32.64	8.97
32.67	8.93
32.69	8.95
32.72	8.93
32.74	8.81
32.77	8.81
32.79	8.78
32.82	8.73
32.84	8.82
32.86	8.78
32.89	8.72
32.91	8.71
32.94	8.60
32.96	8.57
32.99	8.57
33.01	8.54
33.04	8.60
33.06	8.57
33.08	8.51
33.11	8.52
33.13	8.41
33.16	8.42
33.18	8.49
33.21	8.45
33.23	8.51
33.26	8.52
33.28	8.42
33.30	8.42
33.33	8.37
33.35	8.37
33.38	8.45
33.40	8.43
33.43	8.46
33.45	8.47
33.47	8.37
33.50	8.39
33.52	8.38
33.55	8.37
33.57	8.47
33.60	8.47
33.62	8.46
33.65	8.49
33.67	8.40
33.69	8.42
33.72	8.46
33.74	8.47
33.77	8.58
33.79	8.58
33.82	8.54
33.84	8.57
33.87	8.53
33.89	8.51
33.91	8.60
33.94	8.61
33.96	8.66
33.99	8.70
34.01	8.66
34.04	8.70
34.06	8.70
34.09	8.72
34.11	8.78
34.13	8.83
34.16	8.88
34.18	8.90
34.21	8.87
34.23	8.96
34.26	8.97
34.28	9.00
34.31	9.13
34.33	9.15
34.35	9.14
34.38	9.18
34.40	9.12
34.43	9.16
34.45	9.24
34.48	9.28
34.50	9.43
34.52	9.47
34.55	9.46
34.57	9.52
34.60	9.50
34.62	9.52
34.65	9.65
34.67	9.68
34.70	9.78
34.72	9.87
34.74	9.84
34.77	9.91
34.79	9.94
34.82	9.99
34.84	10.11
34.87	10.15
34.89	10.22
34.92	10.27
34.94	10.23
34.96	10.28
34.99	10.35
35.01	10.39
35.04	10.55
35.06	10.60
35.09	10.63
35.11	10.71
35.14	10.68
35.16	10.76
35.18	10.89
35.21	10.96
35.23	11.08
35.26	11.12
35.28	11.10
35.31	11.16
35.33	11.14
35.36	11.21
35.38	11.36
35.40	11.40
35.43	11.49
35.45	11.56
35.48	11.54
35.50	11.62
35.53	11.66
35.55	11.71
35.57	11.86
35.60	11.89
35.62	11.93
35.65	12.00
35.67	11.96
35.70	12.03
35.72	12.12
35.75	12.16
35.77	12.31
35.79	12.34
35.82	12.33
35.84	12.36
35.87	12.31
35.89	12.36
35.92	12.47
35.94	12.50
35.97	12.63
35.99	12.70
36.01	12.64
36.04	12.72
36.06	12.70
36.09	12.73
36.11	12.86
36.14	12.88
36.16	12.94
36.19	12.99
36.21	12.92
36.23	12.95
36.26	12.99
36.28	12.98
36.31	13.10
36.33	13.11
36.36	13.11
36.38	13.14
36.41	13.06
36.43	13.09
36.45	13.17
36.48	13.18
36.50	13.28
36.53	13.33
36.55	13.26
36.58	13.29
36.60	13.25
36.62	13.21
36.65	13.26
36.67	13.27
36.70	13.31
36.72	13.33
36.75	13.30
36.77	13.32
36.80	13.30
36.82	13.28
36.84	13.34
36.87	13.32
36.89	13.32
36.92	13.34
36.94	13.30
36.97	13.31
36.99	13.31
37.02	13.30
37.04	13.35
37.06	13.33
37.09	13.30
37.11	13.31
37.14	13.20
37.16	13.25
37.19	13.30
37.21	13.26
37.24	13.35
37.26	13.33
37.28	13.19
37.31	13.20
37.33	13.13
37.36	13.09
37.38	13.22
37.41	13.19
37.43	13.21
37.46	13.22
37.48	13.08
37.50	13.11
37.53	13.11
37.55	13.09
37.58	13.23
37.60	13.21
37.63	13.16
37.65	13.17
37.68	13.04
37.70	13.04
37.72	13.12
37.75	13.08
37.77	13.20
37.80	13.16
37.82	13.04
37.85	13.04
37.87	12.91
37.89	12.90
37.92	13.06
37.94	13.03
37.97	13.09
37.99	13.11
38.02	12.95
38.04	12.96
38.07	12.93
38.09	12.91
38.11	13.07
38.14	13.04
38.16	13.02
38.19	13.03
38.21	12.89
38.24	12.89
38.26	12.94
38.29	12.91
38.31	13.06
38.33	13.04
38.36	12.95
38.38	12.97
38.41	12.84
38.43	12.85
38.46	12.95
38.48	12.92
38.51	13.03
38.53	13.03
38.55	12.88
38.58	12.91
38.60	12.83
38.63	12.83
38.65	13.00
38.68	12.98
38.70	13.04
38.73	13.05
38.75	12.88
38.77	12.91
38.80	12.91
38.82	12.88
38.85	13.06
38.87	13.07
38.90	13.05
38.92	13.09
38.94	12.95
38.97	12.98
38.99	13.04
39.02	13.03
39.04	13.18
39.07	13.18
39.09	13.10
39.12	13.15
39.14	13.03
39.16	12.98
39.19	13.11
39.21	13.11
39.24	13.18
39.26	13.26
39.29	13.22
39.31	13.24
39.34	13.23
39.36	13.25
39.38	13.34
39.41	13.36
39.43	13.40
39.46	13.45
39.48	13.40
39.51	13.45
39.53	13.48
39.56	13.51
39.58	13.61
39.60	13.63
39.63	13.64
39.65	13.67
39.68	13.63
39.70	13.67
39.73	13.73
39.75	13.76
39.78	13.86
39.80	13.89
39.82	13.88
39.85	13.92
39.87	13.90
39.90	13.93
39.92	14.02
39.95	14.05
39.97	14.07
39.99	14.13
